100
49 27 222
27 52 6
49 39 218
52 53 171
49 22 123
22 87 102
52 11 117
39 70 23
27 2 58
52 25 105
39 92 46
25 10 249
22 72 215
49 100 185
87 44 217
92 61 8
27 38 55
100 14 20
53 73 31
61 99 184
49 57 4
100 8 92
52 20 79
72 12 85
52 80 164
44 37 230
38 30 107
73 67 200
12 60 176
92 78 206
60 32 108
67 83 201
80 17 88
38 31 175
30 3 65
49 76 140
78 98 179
72 18 196
18 65 12
80 59 44
44 85 34
67 13 47
80 35 42
80 75 226
25 50 148
20 15 159
32 58 127
58 40 223
20 7 126
83 86 26
37 96 121
76 95 111
32 77 243
10 62 39
65 55 118
92 94 136
98 71 75
12 23 138
2 51 135
58 89 15
25 74 11
22 36 38
49 54 25
15 21 83
100 47 203
83 26 168
99 5 69
10 48 56
87 28 144
73 69 29
5 16 41
2 1 221
15 91 157
10 46 18
78 79 202
18 41 245
51 63 169
74 68 147
37 93 110
57 43 48
16 4 239
93 29 197
55 84 132
35 97 82
61 6 149
97 56 130
74 88 241
48 19 152
94 66 188
63 24 248
27 45 51
97 33 3
88 34 57
37 90 19
10 81 209
14 82 208
15 9 60
32 42 151
7 64 90
61 26 10
84 4 233
13 10 141
52 6 106
78 18 86
38 97 198
91 87 43
99 48 199
38 19 52
48 91 37
5 80 207
47 10 35
10 86 101
1 3 36
40 34 125
94 93 166
90 11 80
69 48 49
37 3 63
8 50 193
22 29 45
92 79 128
83 73 24
74 67 235
99 83 112
39 11 9
40 80 224
84 62 150
72 37 167
46 15 229
26 25 17
36 69 74
73 9 133
25 88 97
24 86 160
77 73 220
32 35 91
27 94 53
29 5 238
32 53 84
37 50 234
42 21 66
43 94 190
3 65 137
35 44 68
23 25 186
29 28 81
71 65 100
45 77 62
37 42 191
14 99 95
84 86 33
80 36 219
42 91 236
18 2 214
67 25 205
65 77 89
14 32 246
78 41 244
86 11 232
53 38 162
12 74 114
48 35 182
13 75 96
45 1 172
39 96 99
93 73 124
20 80 170
31 40 212
20 95 116
61 78 103
21 7 242
74 99 32
18 22 156
11 23 225
23 61 143
80 53 247
33 6 104
64 45 216
31 55 145
26 64 161
40 94 59
46 18 87
78 31 155
54 79 120
5 73 153
48 85 71
50 33 78
18 66 195
38 70 70
83 38 98
61 84 21
22 26 131
36 46 210
26 13 122
81 28 163
96 24 54
77 40 94
59 56 237
59 54 165
32 54 181
93 61 5
40 83 178
63 20 76
91 59 30
12 54 109
61 34 93
17 34 1
62 28 227
13 73 2
68 84 22
29 81 142
98 33 28
85 86 77
87 66 27
48 77 50
83 11 180
85 36 72
65 25 173
89 25 154
53 31 187
12 75 211
52 2 231
48 80 250
12 83 16
14 12 7
41 96 129
5 3 228
25 69 213
7 94 67
7 76 204
68 34 192
57 73 14
71 13 174
97 74 139
46 4 115
21 57 40
33 91 73
73 17 177
90 30 64
94 86 119
59 38 194
23 64 189
61 67 240
14 52 158
45 15 146
37 94 113
2 14 134
98 66 183
8 16 61
55 86 13
