20
18 11 25
18 1 62
1 2 88
11 6 82
1 7 1
11 14 12
6 3 52
14 19 89
11 15 84
7 12 48
7 17 29
1 8 99
15 9 19
7 20 58
8 16 42
20 5 56
7 10 93
16 13 46
13 4 90
4 2 14
14 18 69
10 12 53
7 4 74
2 11 24
17 13 79
3 2 100
19 3 2
5 14 92
8 14 98
17 20 31
11 19 21
12 9 77
19 16 97
20 8 57
4 7 63
2 4 54
14 17 18
4 20 37
1 8 47
11 10 49
4 7 65
14 11 15
4 12 55
6 9 81
8 19 7
4 5 11
5 1 51
14 9 8
12 2 78
12 13 95
1 9 22
2 7 71
7 20 80
1 8 32
4 13 10
1 18 4
14 5 87
10 17 3
2 5 75
18 16 40
16 4 6
10 2 5
18 9 36
15 16 44
6 18 33
1 4 85
18 9 38
20 4 17
11 7 66
1 3 13
7 5 35
17 10 83
1 10 23
3 11 39
14 2 86
11 6 73
8 20 34
18 11 76
6 17 43
19 18 91
12 20 41
12 7 94
9 13 68
2 16 26
8 13 72
10 20 28
4 12 59
8 17 45
16 7 20
1 5 16
7 10 9
4 8 61
9 2 67
13 6 30
9 8 60
9 16 27
13 7 50
5 20 96
16 17 64
6 7 70
