200
5 39 626
5 18 224
5 49 967
18 135 382
49 108 803
39 89 911
89 4 365
135 22 504
22 97 197
89 125 666
108 91 779
108 145 787
5 15 860
49 59 105
39 123 978
5 41 586
125 157 713
97 13 327
145 149 766
39 45 614
18 164 570
135 37 875
45 115 353
91 57 250
135 137 954
149 9 741
59 133 521
97 138 963
59 24 675
108 169 853
133 35 275
145 85 857
91 117 39
133 152 605
37 160 770
35 168 548
125 158 953
137 10 293
89 98 659
5 182 463
157 141 583
169 32 746
13 139 423
158 174 177
39 63 635
164 112 10
139 17 892
45 96 579
135 105 464
49 196 265
157 155 947
5 195 742
160 114 573
35 54 48
114 69 564
89 143 351
125 199 776
164 44 841
85 134 969
17 1 486
133 120 881
196 171 633
17 161 794
199 184 43
125 118 669
108 84 478
174 93 834
96 190 374
138 156 987
18 70 167
63 119 400
13 53 706
1 130 116
84 50 170
37 124 640
123 86 924
35 51 488
160 185 651
125 154 331
63 192 730
164 46 925
145 80 200
70 165 496
154 178 473
91 142 344
139 121 475
190 101 581
4 61 269
178 94 907
130 87 20
114 188 50
50 67 850
9 76 44
59 16 115
155 71 38
156 83 763
4 136 408
137 30 949
39 176 277
101 191 498
108 31 79
105 36 838
85 100 668
91 159 102
39 111 58
37 55 597
111 163 917
161 122 362
76 56 158
141 27 725
86 197 37
39 81 589
46 60 230
55 72 591
197 147 702
133 110 404
161 12 930
123 68 207
136 88 369
37 194 59
190 186 943
54 148 870
57 180 99
195 34 152
190 187 320
139 179 878
125 8 130
111 90 694
45 99 127
137 102 135
44 40 984
174 175 299
87 23 201
101 162 179
24 19 216
185 106 600
93 43 495
137 33 338
41 29 759
185 2 196
9 74 962
108 198 52
1 52 939
63 183 140
180 166 656
63 21 91
97 73 615
4 167 342
139 131 161
37 28 587
88 38 330
19 58 670
83 7 611
13 126 733
97 181 678
60 20 996
165 79 159
24 140 240
138 95 829
191 116 989
183 65 602
41 146 3
169 66 368
147 48 773
85 109 266
97 103 921
28 129 732
148 172 398
188 193 185
136 64 550
37 153 455
149 3 886
41 47 448
61 150 312
175 92 807
140 11 523
178 170 883
124 128 628
112 127 557
170 189 7
67 42 910
97 113 366
31 173 765
134 75 450
56 82 101
130 26 536
59 62 86
64 151 210
159 14 60
28 107 644
148 77 520
40 200 539
146 25 688
68 104 171
106 6 433
52 144 621
150 78 66
165 132 203
68 177 815
77 62 110
42 179 11
119 194 786
41 138 690
76 158 973
44 144 471
80 79 226
10 5 679
88 4 793
116 151 846
102 53 997
139 129 81
22 79 418
93 165 873
147 138 1000
66 156 439
41 196 63
98 158 871
137 190 684
57 17 820
31 47 526
174 17 174
84 150 267
130 23 856
66 1 251
109 158 198
79 42 686
18 159 650
105 11 595
52 145 302
89 71 563
64 166 895
27 95 123
121 62 874
161 123 620
93 169 472
71 38 998
99 131 285
134 189 94
12 2 843
104 116 731
66 88 272
45 200 132
196 186 541
47 195 328
156 139 685
45 125 710
85 70 288
11 153 721
8 188 311
185 102 286
43 150 227
188 47 758
147 128 982
187 70 280
39 91 120
8 127 723
36 9 938
44 110 13
127 17 31
65 46 826
9 138 315
115 147 443
158 41 258
107 95 169
9 46 896
142 38 711
149 127 769
171 86 373
112 1 844
63 125 18
24 167 658
183 156 622
115 10 187
171 41 189
91 95 532
89 134 932
61 151 830
138 191 518
101 6 114
181 28 797
162 200 558
144 137 851
93 175 971
21 50 908
128 133 825
69 190 747
50 40 188
97 136 119
135 81 667
18 64 491
167 166 540
21 11 292
151 160 204
34 24 415
160 83 437
69 141 446
6 129 326
160 122 681
168 148 594
77 134 56
103 134 849
119 139 121
71 7 674
172 93 453
38 190 98
190 94 709
59 10 90
181 66 653
136 37 184
173 62 126
111 62 782
177 76 417
120 189 704
96 187 16
3 130 305
7 41 430
170 124 307
180 184 88
35 200 465
7 64 824
2 25 441
182 157 975
161 148 359
158 65 279
28 183 64
88 29 228
37 33 142
135 49 62
124 39 386
124 61 372
132 146 983
54 163 958
135 26 972
139 116 717
48 29 438
116 53 819
36 100 961
121 108 218
8 181 401
165 37 606
159 47 192
54 78 143
188 86 979
38 123 657
72 150 153
25 41 840
197 115 5
46 85 785
79 22 202
142 177 477
52 131 805
196 43 397
68 137 568
1 128 537
171 191 137
125 155 931
85 76 603
1 66 701
105 25 720
174 129 799
32 162 393
85 16 151
6 154 887
26 133 442
34 115 391
18 122 84
169 191 912
83 8 355
35 79 894
165 127 68
56 122 246
76 200 47
24 52 913
102 72 775
176 55 485
46 125 632
56 37 324
71 170 387
18 193 511
120 144 499
102 114 141
173 145 452
117 173 490
105 187 866
192 1 133
131 86 296
34 184 703
155 28 934
56 16 503
178 162 631
141 12 791
34 47 494
26 92 78
167 23 535
164 106 148
4 48 193
180 160 571
87 197 647
37 113 80
2 45 630
147 50 977
169 33 935
35 114 356
51 99 163
29 1 527
143 148 784
152 4 660
39 103 131
118 132 817
145 172 722
36 119 899
169 158 259
21 25 483
15 33 590
42 123 512
157 44 162
132 191 213
26 96 897
175 131 173
113 92 25
139 20 800
15 52 2
9 127 263
190 165 900
136 154 768
191 195 827
123 31 106
34 36 868
72 151 818
23 51 788
32 109 206
177 84 664
78 45 9
188 156 792
79 176 904
94 22 164
152 65 831
154 79 95
90 118 395
33 36 93
200 132 946
150 199 113
194 96 34
183 178 627
143 148 136
67 174 945
193 96 598
150 104 893
12 173 346
99 60 750
32 103 156
103 165 252
3 126 460
27 45 559
129 119 256
20 43 271
12 76 902
170 23 514
17 24 35
20 84 823
136 143 639
130 135 268
121 28 283
95 178 837
74 133 384
152 156 804
155 176 836
112 155 238
75 49 336
133 187 783
42 46 964
37 178 533
53 171 593
163 51 672
17 103 242
109 172 544
135 79 726
189 158 462
74 136 363
190 151 848
148 109 877
17 108 134
178 3 610
8 183 145
51 168 692
20 25 777
69 152 329
129 39 811
92 134 348
172 177 882
137 68 245
107 168 534
74 84 575
133 14 124
174 91 109
154 159 248
157 189 413
86 87 565
152 74 422
184 8 748
78 144 613
50 1 821
192 60 751
94 117 890
154 30 965
45 126 181
15 75 45
189 23 693
161 80 636
157 167 100
173 47 926
142 174 646
20 147 719
170 147 76
110 200 542
77 131 419
51 8 552
106 90 154
96 186 760
63 37 298
192 161 608
51 183 8
46 196 414
100 133 254
49 119 695
144 137 468
78 103 572
125 171 276
190 162 662
131 153 780
65 121 220
178 183 510
179 27 155
8 69 609
117 50 683
83 134 519
87 7 209
168 11 308
17 37 290
127 66 75
173 117 176
162 190 995
182 30 435
78 114 530
161 158 409
198 53 360
48 87 144
181 36 27
50 155 319
9 36 778
50 124 318
142 23 505
25 70 619
39 192 278
117 33 128
106 183 942
98 159 705
92 63 317
122 42 273
76 35 282
139 178 352
71 140 255
166 47 696
157 30 411
4 33 70
115 95 96
181 16 322
60 25 323
96 200 580
95 104 347
112 136 122
20 165 458
180 115 380
158 176 234
108 126 24
110 197 225
135 66 599
90 50 112
198 197 474
127 154 432
68 31 72
101 136 806
188 182 889
96 98 104
111 60 264
73 18 582
192 7 467
99 189 739
73 72 57
99 166 809
86 129 715
99 8 577
165 123 261
189 96 618
28 119 901
22 159 289
89 44 253
63 121 69
197 173 236
7 162 332
86 43 461
137 67 425
125 43 981
193 58 970
126 47 470
152 34 194
166 47 707
125 190 665
80 165 416
129 28 625
200 145 767
66 147 507
158 71 909
147 43 629
64 180 313
100 109 166
153 86 244
59 146 67
152 19 905
14 118 219
41 161 489
20 66 410
78 187 865
123 116 83
176 85 111
193 61 180
105 90 714
7 73 884
134 185 588
25 70 561
31 160 990
156 15 55
83 39 936
186 169 118
105 157 306
101 69 643
115 176 762
133 127 149
102 180 808
142 60 392
61 121 484
63 183 754
97 189 663
12 187 396
91 198 500
190 68 994
26 164 445
122 115 734
75 112 186
84 45 51
32 91 147
78 27 863
28 193 566
199 180 852
179 196 125
190 119 538
153 96 525
152 89 755
198 163 743
105 120 861
111 191 36
34 193 920
31 30 294
107 168 235
63 28 249
36 166 854
33 107 378
111 12 399
25 48 354
102 156 22
128 9 436
40 53 993
196 15 451
143 199 117
199 135 928
37 122 655
78 157 891
26 109 476
89 120 233
126 161 17
167 64 449
10 198 810
160 152 661
52 133 556
144 107 291
8 19 150
69 197 421
64 116 671
49 120 966
156 185 481
27 96 567
81 163 529
108 98 40
134 193 727
84 35 756
168 104 828
26 60 772
11 174 487
100 151 654
165 185 795
159 78 855
130 9 649
46 32 19
180 59 634
71 55 138
183 69 903
138 120 790
85 170 545
193 56 948
41 184 108
39 23 612
8 15 371
18 179 506
137 66 604
134 167 358
141 65 466
165 22 708
20 34 745
149 21 168
153 76 6
135 151 241
157 189 638
8 35 340
172 52 524
21 189 551
13 163 74
145 47 247
12 106 337
18 67 937
17 16 82
2 3 146
146 24 689
133 67 585
117 104 28
178 173 30
42 126 92
143 94 434
117 172 215
172 2 426
102 155 497
104 154 61
64 142 738
161 33 231
96 138 976
183 51 698
123 63 641
40 74 549
46 144 295
84 58 316
154 192 381
66 17 941
198 46 212
49 100 107
60 91 182
5 191 789
58 45 680
146 141 345
30 136 208
122 4 737
128 57 554
119 189 616
120 110 988
186 49 406
122 139 361
153 106 103
84 135 71
34 95 349
70 78 321
188 67 798
21 114 457
31 151 752
1 141 284
120 179 427
38 185 940
74 75 229
177 108 757
48 183 49
196 181 73
93 171 370
63 144 617
61 187 26
31 168 845
54 27 77
43 189 217
165 15 842
84 111 927
35 29 412
130 12 584
23 102 509
129 59 771
142 111 21
21 141 648
106 164 553
24 178 955
63 121 375
15 47 364
52 55 379
75 190 555
79 56 676
168 29 869
148 129 480
115 93 239
105 19 980
132 82 23
70 127 301
184 87 335
93 196 916
74 31 862
158 137 764
177 70 274
135 43 367
187 46 716
37 111 880
7 105 867
194 62 774
15 9 12
167 152 350
15 176 944
72 190 46
4 47 15
71 116 833
186 137 574
177 127 54
123 11 309
129 19 325
152 188 377
166 103 645
84 90 89
64 173 624
181 176 41
73 147 183
149 99 444
47 55 929
195 150 781
50 111 986
166 17 205
177 76 652
125 2 165
68 131 885
149 198 712
71 180 601
48 64 677
40 64 33
135 176 547
148 67 682
75 17 281
146 183 29
179 56 801
143 16 447
180 94 906
74 149 859
115 68 403
27 6 178
54 100 919
188 50 952
108 99 898
44 37 918
70 145 341
123 57 749
80 52 260
21 49 4
134 116 243
148 82 97
97 67 199
26 98 501
157 96 515
4 53 546
101 67 729
122 114 237
141 69 914
167 193 960
87 76 310
64 82 257
140 104 968
161 180 888
8 126 270
121 28 700
104 102 761
200 118 872
146 122 85
66 47 991
51 155 796
159 73 232
5 175 388
111 65 139
86 14 390
144 74 214
78 144 129
18 133 814
35 24 879
115 21 687
184 156 697
128 34 607
32 12 876
94 15 343
136 153 172
11 181 459
82 97 454
115 9 959
182 160 385
193 194 835
101 124 333
61 136 300
93 104 405
123 59 744
56 57 175
19 119 424
88 91 839
45 5 864
127 139 822
9 54 508
155 62 32
78 85 592
10 190 576
156 128 339
78 117 191
173 96 190
10 13 957
165 94 334
113 178 637
37 123 543
7 94 357
37 165 753
184 134 304
8 162 303
35 60 578
103 41 469
130 112 383
87 50 974
84 85 596
9 187 915
35 33 516
154 138 502
87 146 479
23 131 492
154 117 812
161 29 724
95 85 802
14 193 999
190 79 923
152 153 951
169 80 950
165 45 14
169 6 956
181 95 262
132 165 376
175 47 53
142 39 847
20 26 87
108 128 517
144 108 389
129 141 440
111 188 160
200 21 428
77 100 222
39 166 735
24 118 985
89 66 562
169 41 673
198 97 65
85 94 740
54 53 992
165 45 1
188 107 482
69 84 531
6 134 623
28 45 223
9 1 522
147 30 195
101 158 407
173 137 211
8 78 402
12 169 816
191 66 431
101 155 297
69 186 728
169 53 736
35 108 287
115 51 394
47 158 691
26 3 456
169 112 429
96 156 513
167 173 718
118 31 858
149 74 642
36 119 221
60 103 314
73 136 493
153 167 569
43 38 933
171 190 420
196 76 832
123 42 922
33 102 157
22 6 699
29 42 42
74 190 813
155 44 560
133 199 528
