20
6 4 6
6 1 40
4 10 79
10 2 53
4 17 59
1 14 39
4 13 31
6 12 27
12 18 55
14 8 41
13 3 24
6 20 85
3 15 48
13 19 67
2 11 52
6 9 50
17 7 95
18 5 34
6 16 5
18 3 61
3 14 72
7 2 44
20 4 30
13 5 11
10 19 13
3 2 15
11 9 14
2 6 68
3 11 49
12 14 82
12 20 32
13 18 57
6 17 3
16 9 92
19 12 12
3 8 35
10 13 84
4 7 74
18 9 78
20 16 75
4 8 46
11 8 1
17 16 18
15 2 94
16 4 83
20 18 96
7 18 66
13 11 36
2 20 93
7 20 81
11 5 38
13 12 10
17 15 43
6 5 19
19 2 2
2 1 87
9 20 37
16 2 9
18 15 99
8 10 26
12 5 7
19 1 8
16 8 54
18 11 45
1 17 86
19 5 33
10 5 70
1 20 64
1 7 42
1 8 47
7 14 80
8 6 89
13 14 21
6 18 100
16 7 60
8 20 88
11 7 62
7 3 73
11 14 22
7 19 65
15 12 29
5 14 20
9 13 16
11 1 97
17 13 25
12 1 56
1 18 28
12 3 23
19 14 58
8 15 77
14 17 69
10 14 90
17 20 98
15 5 91
12 7 63
20 3 4
1 3 51
18 10 17
6 3 76
6 15 71
